1000
383 886 6.927770e+01
886 383 6.927770e+01
915 793 2.383350e+01
793 915 2.383350e+01
386 492 5.166490e+01
492 386 5.166490e+01
421 362 4.900270e+01
362 421 4.900270e+01
690 59 8.977630e+01
59 690 8.977630e+01
926 540 3.834260e+01
540 926 3.834260e+01
172 736 5.211000e-01
736 172 5.211000e-01
368 567 9.564290e+01
567 368 9.564290e+01
782 530 7.228620e+01
530 782 7.228620e+01
123 67 7.031350e+01
67 123 7.031350e+01
929 802 6.340220e+01
802 929 6.340220e+01
58 69 8.981670e+01
69 58 8.981670e+01
393 456 1.750110e+01
456 393 1.750110e+01
42 229 3.773730e+01
229 42 3.773730e+01
421 919 4.137840e+01
919 421 4.137840e+01
537 198 5.943240e+01
198 537 5.943240e+01
315 370 5.664130e+01
370 315 5.664130e+01
526 91 2.689800e+01
91 526 2.689800e+01
956 873 8.068620e+01
873 956 8.068620e+01
170 996 4.972810e+01
996 170 4.972810e+01
305 925 4.770840e+01
925 305 4.770840e+01
327 336 1.265050e+01
336 327 1.265050e+01
846 729 6.613130e+01
729 846 6.613130e+01
857 124 3.538950e+01
124 857 3.538950e+01
582 545 8.988140e+01
545 582 8.988140e+01
367 434 9.903640e+01
434 367 9.903640e+01
43 750 1.710870e+01
750 43 1.710870e+01
808 276 9.471780e+01
276 808 9.471780e+01
788 584 7.054030e+01
584 788 7.054030e+01
651 754 6.123990e+01
754 651 6.123990e+01
932 60 5.496760e+01
60 932 5.496760e+01
368 739 2.100120e+01
739 368 2.100120e+01
226 586 3.480940e+01
586 226 3.480940e+01
539 795 4.805700e+01
795 539 4.805700e+01
434 378 9.746700e+00
378 434 9.746700e+00
601 97 6.129020e+01
97 601 6.129020e+01
317 492 9.266520e+01
492 317 9.266520e+01
756 301 5.602800e+01
301 756 5.602800e+01
286 441 9.538650e+01
441 286 9.538650e+01
689 444 3.466190e+01
444 689 3.466190e+01
440 729 9.580310e+01
729 440 9.580310e+01
117 97 9.057710e+01
97 117 9.057710e+01
481 675 1.207090e+01
675 481 1.207090e+01
927 567 7.778560e+01
567 927 7.778560e+01
497 353 2.545860e+01
353 497 2.545860e+01
965 306 9.646830e+01
306 965 9.646830e+01
219 624 5.152800e+00
624 219 5.152800e+00
871 732 4.882900e+00
732 871 4.882900e+00
503 19 2.582700e+01
19 503 2.582700e+01
368 708 4.867150e+01
708 368 4.867150e+01
340 149 7.477960e+01
149 340 7.477960e+01
723 618 2.245000e-01
618 723 2.245000e-01
846 451 8.929210e+01
451 846 8.929210e+01
555 379 5.974880e+01
379 555 5.974880e+01
764 228 4.698410e+01
228 764 4.698410e+01
350 193 4.415000e+01
193 350 4.415000e+01
34 764 4.701240e+01
764 34 4.701240e+01
914 987 2.758560e+01
987 914 2.758560e+01
743 491 3.222270e+01
491 743 3.222270e+01
365 859 2.819360e+01
859 365 2.819360e+01
432 551 3.164370e+01
551 432 3.164370e+01
228 275 9.754070e+01
275 228 9.754070e+01
474 121 4.688580e+01
121 474 4.688580e+01
395 29 6.612370e+01
29 395 6.612370e+01
235 793 6.581800e+00
793 235 6.581800e+00
428 143 2.310110e+01
143 428 2.310110e+01
928 529 3.187760e+01
529 928 3.187760e+01
404 443 2.557630e+01
443 404 2.557630e+01
613 538 1.186060e+01
538 613 1.186060e+01
840 904 3.448180e+01
904 840 3.448180e+01
128 688 7.973690e+01
688 128 7.973690e+01
917 917 4.669960e+01
917 917 4.669960e+01
324 743 2.594700e+01
743 324 2.594700e+01
183 490 2.954990e+01
490 183 2.954990e+01
772 725 3.856440e+01
725 772 3.856440e+01
590 505 2.681390e+01
505 590 2.681390e+01
954 786 9.076690e+01
786 954 9.076690e+01
82 542 3.884640e+01
542 82 3.884640e+01
197 507 7.593550e+01
507 197 7.593550e+01
804 348 2.786110e+01
348 804 2.786110e+01
622 828 9.492990e+01
828 622 9.492990e+01
343 746 3.556800e+00
746 343 3.556800e+00
340 422 2.331100e+00
422 340 2.331100e+00
810 605 3.218010e+01
605 810 3.218010e+01
661 730 4.487800e+00
730 661 4.487800e+00
305 320 1.787360e+01
320 305 1.787360e+01
444 626 6.485220e+01
626 444 6.485220e+01
465 708 4.734160e+01
708 465 4.734160e+01
282 258 4.129240e+01
258 282 4.129240e+01
637 62 3.056240e+01
62 637 3.056240e+01
600 36 4.334520e+01
36 600 4.334520e+01
899 379 1.455500e+01
379 899 1.455500e+01
468 71 9.009730e+01
71 468 9.009730e+01
131 881 6.849300e+01
881 131 6.849300e+01
933 894 1.586600e+01
894 933 1.586600e+01
163 199 3.879810e+01
199 163 3.879810e+01
899 996 1.529590e+01
996 899 1.529590e+01
773 813 7.396680e+01
813 773 7.396680e+01
190 95 9.529260e+01
95 190 9.529260e+01
466 84 9.113400e+01
84 466 9.113400e+01
90 684 4.433760e+01
684 90 4.433760e+01
542 936 3.791070e+01
936 542 3.791070e+01
445 756 6.691790e+01
756 445 6.691790e+01
418 887 8.941200e+00
887 418 8.941200e+00
348 172 4.516590e+01
172 348 4.516590e+01
9 336 6.252100e+01
336 9 6.252100e+01
342 587 8.782060e+01
587 342 8.782060e+01
301 713 6.673720e+01
713 301 6.673720e+01
321 255 8.648190e+01
255 321 8.648190e+01
599 721 2.299040e+01
721 599 2.299040e+01
939 811 7.394000e+00
811 939 7.394000e+00
667 705 3.462280e+01
705 667 3.462280e+01
127 150 5.659840e+01
150 127 5.659840e+01
658 920 7.892240e+01
920 658 7.892240e+01
422 269 8.213960e+01
269 422 8.213960e+01
81 630 7.400840e+01
630 81 7.400840e+01
292 972 2.076720e+01
972 292 2.076720e+01
850 625 9.053850e+01
625 850 9.053850e+01
222 299 3.066400e+01
299 222 3.066400e+01
42 898 3.407130e+01
898 42 3.407130e+01
298 190 2.805240e+01
190 298 2.805240e+01
590 209 1.085810e+01
209 590 1.085810e+01
819 336 9.377320e+01
336 819 9.377320e+01
155 994 2.180040e+01
994 155 2.180040e+01
379 769 8.527300e+00
769 379 8.527300e+00
776 850 2.472550e+01
850 776 2.472550e+01
860 142 5.755790e+01
142 860 5.755790e+01
884 993 2.232050e+01
993 884 2.232050e+01
621 567 9.625040e+01
567 621 9.625040e+01
613 961 2.627540e+01
961 613 2.627540e+01
326 259 5.189440e+01
259 326 5.189440e+01
202 202 7.235060e+01
202 202 7.235060e+01
784 21 2.228420e+01
21 784 2.228420e+01
868 528 2.351890e+01
528 868 2.351890e+01
872 908 8.499580e+01
908 872 8.499580e+01
498 36 5.188080e+01
36 498 5.188080e+01
753 248 3.833030e+01
248 753 3.833030e+01
333 133 3.216480e+01
133 333 3.216480e+01
890 754 5.175670e+01
754 890 5.175670e+01
746 368 3.195290e+01
368 746 3.195290e+01
500 46 4.737880e+01
46 500 4.737880e+01
797 249 8.699000e+00
249 797 8.699000e+00
303 33 5.053630e+01
33 303 5.053630e+01
497 253 2.948920e+01
253 497 2.948920e+01
686 125 7.611520e+01
125 686 7.611520e+01
996 975 2.091880e+01
975 996 2.091880e+01
157 729 8.954360e+01
729 157 8.954360e+01
460 414 5.439210e+01
414 460 5.439210e+01
460 304 6.002800e+00
304 460 6.002800e+00
27 50 2.667480e+01
50 27 2.667480e+01
556 902 5.047940e+01
902 556 5.047940e+01
697 699 5.710430e+01
699 697 5.710430e+01
39 2 9.042800e+00
2 39 9.042800e+00
403 500 6.810000e-02
500 403 6.810000e-02
647 538 3.615900e+00
538 647 3.615900e+00
151 535 2.821340e+01
535 151 2.821340e+01
339 692 5.022150e+01
692 339 5.022150e+01
127 504 7.556290e+01
504 127 7.556290e+01
49 964 2.982850e+01
964 49 2.982850e+01
429 343 5.763350e+01
343 429 5.763350e+01
177 900 8.852380e+01
900 177 8.852380e+01
971 949 2.602890e+01
949 971 2.602890e+01
367 988 3.922920e+01
988 367 3.922920e+01
795 743 5.314400e+00
743 795 5.314400e+00
829 390 9.616820e+01
390 829 9.616820e+01
340 541 5.690000e-02
541 340 5.690000e-02
826 232 1.722610e+01
232 826 1.722610e+01
42 360 4.091170e+01
360 42 4.091170e+01
23 761 8.100000e-03
761 23 8.100000e-03
309 190 4.954250e+01
190 309 4.954250e+01
996 367 2.146770e+01
367 996 2.146770e+01
234 690 6.316260e+01
690 234 6.316260e+01
524 57 3.496140e+01
57 524 3.496140e+01
168 205 3.903580e+01
205 168 3.903580e+01
312 386 5.651000e+01
386 312 5.651000e+01
346 726 6.349940e+01
726 346 6.349940e+01
916 552 3.255780e+01
552 916 3.255780e+01
529 946 5.322900e+01
946 529 5.322900e+01
647 970 7.990510e+01
970 647 7.990510e+01
80 631 2.185930e+01
631 80 2.185930e+01
857 627 5.413120e+01
627 857 5.413120e+01
886 214 7.883550e+01
214 886 7.883550e+01
512 90 1.441200e+00
90 512 1.441200e+00
479 610 8.589690e+01
610 479 8.589690e+01
189 274 8.063550e+01
274 189 8.063550e+01
641 620 9.254330e+01
620 641 9.254330e+01
987 888 4.983380e+01
888 987 4.983380e+01
566 770 2.728400e+00
770 566 2.728400e+00
856 417 3.006060e+01
417 856 3.006060e+01
260 849 1.002370e+01
849 260 1.002370e+01
205 59 3.521700e+00
59 205 3.521700e+00
518 945 9.907830e+01
945 518 9.907830e+01
873 458 7.108730e+01
458 873 7.108730e+01
637 289 6.204830e+01
289 637 6.204830e+01
607 478 7.727570e+01
478 607 7.727570e+01
314 471 6.457290e+01
471 314 6.457290e+01
100 459 7.236180e+01
459 100 7.236180e+01
438 25 2.113880e+01
25 438 2.113880e+01
74 233 5.181570e+01
233 74 5.181570e+01
681 493 1.603580e+01
493 681 1.603580e+01
270 699 6.334170e+01
699 270 6.334170e+01
839 569 6.683630e+01
569 839 6.683630e+01
622 794 4.131730e+01
794 622 4.131730e+01
847 431 2.174620e+01
431 847 2.174620e+01
682 390 5.042920e+01
390 682 5.042920e+01
791 57 3.551150e+01
57 791 3.551150e+01
521 157 8.885740e+01
157 521 8.885740e+01
491 947 4.629510e+01
947 491 4.629510e+01
231 21 6.105370e+01
21 231 6.105370e+01
740 54 6.140300e+01
54 740 6.140300e+01
98 325 2.410810e+01
325 98 2.410810e+01
516 516 3.300200e+00
516 516 3.300200e+00
231 139 2.617960e+01
139 231 2.617960e+01
404 338 9.745800e+01
338 404 9.745800e+01
218 21 5.139700e+01
21 218 5.139700e+01
862 812 2.353790e+01
812 862 2.353790e+01
977 685 3.153600e+00
685 977 3.153600e+00
904 176 4.334830e+01
176 904 4.334830e+01
207 759 9.848570e+01
759 207 9.848570e+01
744 499 4.699110e+01
499 744 4.699110e+01
127 950 5.052360e+01
950 127 5.052360e+01
560 818 6.751050e+01
818 560 6.751050e+01
563 49 4.212440e+01
49 563 4.212440e+01
711 805 5.199340e+01
805 711 5.199340e+01
291 375 5.589550e+01
375 291 5.589550e+01
614 589 3.437680e+01
589 614 3.437680e+01
993 918 5.528050e+01
918 993 5.528050e+01
882 822 8.769820e+01
822 882 8.769820e+01
717 30 5.930930e+01
30 717 5.930930e+01
574 126 1.865930e+01
126 574 1.865930e+01
486 253 8.505430e+01
253 486 8.505430e+01
74 814 7.347130e+01
814 74 7.347130e+01
179 377 4.747620e+01
377 179 4.747620e+01
775 88 3.291900e+00
88 775 3.291900e+00
710 732 1.102940e+01
732 710 1.102940e+01
17 346 7.602350e+01
346 17 7.602350e+01
137 691 3.051530e+01
691 137 3.051530e+01
943 573 6.663280e+01
573 943 6.663280e+01
925 291 3.067100e+01
291 925 3.067100e+01
18 217 8.368360e+01
217 18 8.368360e+01
963 55 3.870900e+01
55 963 3.870900e+01
858 130 7.149040e+01
130 858 7.149040e+01
571 661 3.696330e+01
661 571 3.696330e+01
685 789 6.130730e+01
789 685 6.130730e+01
604 851 4.198050e+01
851 604 4.198050e+01
250 868 3.365030e+01
868 250 3.365030e+01
485 6 8.219500e+00
6 485 8.219500e+00
639 949 7.211200e+01
949 639 7.211200e+01
967 226 6.867630e+01
226 967 6.867630e+01
677 596 9.639810e+01
596 677 9.639810e+01
865 560 5.390360e+01
560 865 5.390360e+01
955 770 4.335180e+01
770 955 4.335180e+01
211 342 3.225320e+01
342 211 3.225320e+01
196 379 6.273210e+01
379 196 6.273210e+01
270 984 3.841720e+01
984 270 3.841720e+01
427 234 1.520400e+01
234 427 1.520400e+01
283 72 3.073980e+01
72 283 3.073980e+01
830 63 3.703470e+01
63 830 3.703470e+01
950 30 2.505730e+01
30 950 2.505730e+01
714 59 5.752200e+00
59 714 5.752200e+00
47 924 9.450820e+01
924 47 9.450820e+01
435 232 8.292040e+01
232 435 8.292040e+01
954 443 4.118980e+01
443 954 4.118980e+01
486 640 6.842780e+01
640 486 6.842780e+01
159 262 6.792620e+01
262 159 6.792620e+01
683 41 5.398480e+01
41 683 5.398480e+01
723 324 2.627200e+00
324 723 2.627200e+00
122 154 9.273350e+01
154 122 9.273350e+01
821 457 9.093650e+01
457 821 9.093650e+01
747 171 3.117760e+01
171 747 3.117760e+01
269 218 9.387010e+01
218 269 9.387010e+01
703 653 2.099330e+01
653 703 2.099330e+01
907 959 3.567280e+01
959 907 3.567280e+01
806 797 7.487200e+01
797 806 7.487200e+01
84 308 5.153340e+01
308 84 5.153340e+01
698 991 7.637600e+00
991 698 7.637600e+00
898 715 8.010520e+01
715 898 8.010520e+01
171 189 7.715590e+01
189 171 7.715590e+01
506 10 7.090160e+01
10 506 7.090160e+01
224 109 8.165390e+01
109 224 8.165390e+01
0 378 5.810900e+00
378 0 5.810900e+00
53 81 4.891140e+01
81 53 4.891140e+01
338 989 5.942600e+00
989 338 5.942600e+00
67 147 5.752230e+01
147 67 5.752230e+01
787 231 6.965320e+01
231 787 6.965320e+01
122 281 3.238750e+01
281 122 3.238750e+01
850 179 5.765900e+01
179 850 5.765900e+01
254 350 3.111310e+01
350 254 3.111310e+01
813 857 3.814940e+01
857 813 3.814940e+01
181 81 5.546030e+01
81 181 5.546030e+01
720 433 8.879820e+01
433 720 8.879820e+01
181 487 3.594150e+01
487 181 3.594150e+01
296 825 7.654040e+01
825 296 7.654040e+01
722 892 5.505510e+01
892 722 5.505510e+01
297 32 3.991340e+01
32 297 3.991340e+01
181 506 9.904150e+01
506 181 9.904150e+01
57 708 3.805950e+01
708 57 3.805950e+01
999 962 1.122970e+01
962 999 1.122970e+01
483 776 8.015400e+00
776 483 8.015400e+00
977 309 7.425870e+01
309 977 7.425870e+01
932 382 8.950210e+01
382 932 8.950210e+01
266 563 5.088600e+01
563 266 5.088600e+01
682 211 2.776850e+01
211 682 2.776850e+01
86 285 5.909300e+01
285 86 5.909300e+01
990 583 1.973140e+01
583 990 1.973140e+01
476 116 9.582000e+00
116 476 9.582000e+00
892 525 3.955280e+01
525 892 3.955280e+01
839 525 8.974900e+01
525 839 8.974900e+01
136 360 8.896180e+01
360 136 8.896180e+01
643 337 8.092800e+00
337 643 8.092800e+00
582 621 8.043100e+01
621 582 8.043100e+01
955 888 6.342250e+01
888 955 6.342250e+01
815 570 5.434370e+01
570 815 5.434370e+01
853 8 1.077220e+01
8 853 1.077220e+01
783 350 4.186570e+01
350 783 4.186570e+01
97 827 6.891260e+01
827 97 6.891260e+01
269 71 7.266510e+01
71 269 7.266510e+01
149 910 1.405280e+01
910 149 1.405280e+01
639 398 2.418880e+01
398 639 2.418880e+01
610 393 9.285770e+01
393 610 9.285770e+01
890 976 7.551990e+01
976 890 7.551990e+01
552 931 1.260870e+01
931 552 1.260870e+01
777 99 4.006570e+01
99 777 4.006570e+01
566 952 3.770170e+01
952 566 3.770170e+01
641 735 8.936800e+00
735 641 8.936800e+00
298 184 4.531950e+01
184 298 4.531950e+01
776 805 9.752660e+01
805 776 9.752660e+01
428 954 5.525280e+01
954 428 5.525280e+01
308 593 2.972780e+01
593 308 2.972780e+01
197 555 2.896720e+01
555 197 2.896720e+01
774 445 3.050000e+01
445 774 3.050000e+01
325 997 2.382830e+01
997 325 2.382830e+01
412 127 5.983820e+01
127 412 5.983820e+01
421 693 1.793340e+01
693 421 1.793340e+01
439 334 8.842100e+00
334 439 8.842100e+00
159 985 5.229570e+01
985 159 5.229570e+01
354 761 5.787620e+01
761 354 5.787620e+01
972 541 1.677160e+01
541 972 1.677160e+01
852 850 7.036620e+01
850 852 7.036620e+01
482 399 7.621700e+00
399 482 7.621700e+00
154 173 3.990150e+01
173 154 3.990150e+01
506 851 4.763640e+01
851 506 4.763640e+01
790 263 9.424910e+01
263 790 9.424910e+01
172 37 3.735370e+01
37 172 3.735370e+01
859 828 3.608710e+01
828 859 3.608710e+01
280 987 3.558560e+01
987 280 3.558560e+01
590 341 5.639700e+01
341 590 5.639700e+01
352 665 1.955110e+01
665 352 1.955110e+01
69 517 9.073610e+01
517 69 9.073610e+01
83 351 9.741120e+01
351 83 9.741120e+01
300 506 2.916380e+01
506 300 2.916380e+01
667 364 1.314890e+01
364 667 1.314890e+01
32 154 1.361040e+01
154 32 1.361040e+01
875 679 7.061410e+01
679 875 7.061410e+01
412 538 7.349690e+01
538 412 7.349690e+01
636 170 3.119560e+01
170 636 3.119560e+01
844 760 4.066490e+01
760 844 4.066490e+01
814 465 9.943140e+01
465 814 9.943140e+01
326 886 6.601830e+01
886 326 6.601830e+01
39 969 7.015350e+01
969 39 7.015350e+01
152 621 9.243930e+01
621 152 9.243930e+01
790 289 1.501090e+01
289 790 1.501090e+01
631 673 5.842640e+01
673 631 5.842640e+01
735 548 3.742950e+01
548 735 3.742950e+01
877 313 6.668330e+01
313 877 6.668330e+01
198 949 9.935500e+00
949 198 9.935500e+00
155 793 6.784680e+01
793 155 6.784680e+01
156 960 9.829330e+01
960 156 9.829330e+01
823 286 2.131710e+01
286 823 2.131710e+01
358 677 4.014000e+00
677 358 4.014000e+00
245 181 5.727610e+01
181 245 5.727610e+01
990 323 2.100500e+01
323 990 2.100500e+01
100 954 4.610750e+01
954 100 4.610750e+01
364 42 2.356240e+01
42 364 2.356240e+01
659 919 4.562890e+01
919 659 4.562890e+01
844 469 4.512380e+01
469 844 4.512380e+01
551 976 1.253830e+01
976 551 1.253830e+01
19 133 5.263430e+01
133 19 5.263430e+01
304 956 3.659810e+01
956 304 3.659810e+01
475 666 6.801100e+00
666 475 6.801100e+00
967 912 9.019200e+00
912 967 9.019200e+00
729 902 7.568680e+01
902 729 7.568680e+01
131 2 6.831740e+01
2 131 6.831740e+01
207 718 5.216000e-01
718 207 5.216000e-01
183 377 9.454870e+01
377 183 9.454870e+01
472 573 2.389570e+01
573 472 2.389570e+01
62 125 7.139330e+01
125 62 7.139330e+01
797 496 2.934180e+01
496 797 2.934180e+01
141 153 9.717260e+01
153 141 9.717260e+01
474 980 9.253930e+01
980 474 9.253930e+01
485 948 3.723050e+01
948 485 3.723050e+01
30 29 2.695590e+01
29 30 2.695590e+01
898 160 7.345620e+01
160 898 7.345620e+01
424 719 3.842800e+01
719 424 3.842800e+01
641 902 5.930100e+01
902 641 5.930100e+01
480 726 2.758300e+00
726 480 2.758300e+00
789 140 3.037080e+01
140 789 3.037080e+01
723 938 1.325570e+01
938 723 1.325570e+01
493 431 9.807100e+01
431 493 9.807100e+01
220 905 5.776900e+01
905 220 5.776900e+01
613 391 9.636380e+01
391 613 9.636380e+01
270 421 2.276670e+01
421 270 2.276670e+01
829 671 9.618000e+00
671 829 9.618000e+00
743 95 5.138990e+01
95 743 5.138990e+01
24 88 7.491540e+01
88 24 7.491540e+01
386 569 2.582320e+01
569 386 2.582320e+01
969 710 4.923730e+01
710 969 4.923730e+01
30 433 6.096630e+01
433 30 6.096630e+01
587 279 6.200940e+01
279 587 6.200940e+01
649 499 9.223510e+01
499 649 9.223510e+01
339 464 5.517420e+01
464 339 5.517420e+01
330 86 1.475150e+01
86 330 1.475150e+01
349 915 9.501860e+01
915 349 9.501860e+01
881 11 6.756340e+01
11 881 6.756340e+01
133 387 8.127220e+01
387 133 8.127220e+01
287 773 3.396430e+01
773 287 3.396430e+01
519 742 4.953540e+01
742 519 4.953540e+01
244 124 5.101390e+01
124 244 5.101390e+01
259 63 6.774180e+01
63 259 6.774180e+01
353 712 4.852690e+01
712 353 4.852690e+01
705 404 3.427330e+01
404 705 3.427330e+01
799 734 6.548190e+01
734 799 6.548190e+01
315 435 6.910870e+01
435 315 6.910870e+01
853 669 7.024500e+01
669 853 7.024500e+01
487 802 5.568370e+01
802 487 5.568370e+01
562 89 3.636100e+01
89 562 3.636100e+01
205 960 6.667040e+01
960 205 6.667040e+01
911 557 7.698290e+01
557 911 7.698290e+01
403 816 3.218920e+01
816 403 3.218920e+01
821 522 3.036050e+01
522 821 3.036050e+01
443 579 3.253610e+01
579 443 3.253610e+01
528 378 8.344470e+01
378 528 8.344470e+01
700 45 5.748820e+01
45 700 5.748820e+01
787 899 6.755510e+01
899 787 6.755510e+01
589 386 6.503530e+01
386 589 6.503530e+01
426 948 7.647940e+01
948 426 7.647940e+01
36 506 2.771070e+01
506 36 2.771070e+01
92 417 6.796640e+01
417 92 6.796640e+01
921 820 9.848000e+00
820 921 9.848000e+00
166 994 1.863540e+01
994 166 1.863540e+01
123 437 8.329330e+01
437 123 8.329330e+01
484 317 1.063120e+01
317 484 1.063120e+01
931 17 1.867090e+01
17 931 1.867090e+01
165 156 9.916080e+01
156 165 9.916080e+01
69 745 7.129950e+01
745 69 7.129950e+01
422 171 1.962950e+01
171 422 1.962950e+01
569 559 2.648010e+01
559 569 2.648010e+01
676 652 4.465710e+01
652 676 4.465710e+01
340 925 2.517430e+01
925 340 2.517430e+01
172 91 8.740890e+01
91 172 8.740890e+01
527 566 7.988780e+01
566 527 7.988780e+01
812 50 8.851960e+01
50 812 8.851960e+01
124 333 3.042130e+01
333 124 3.042130e+01
186 499 2.633700e+01
499 186 2.633700e+01
794 568 4.651150e+01
568 794 4.651150e+01
141 342 9.826390e+01
342 141 9.826390e+01
437 263 6.631980e+01
263 437 6.631980e+01
590 939 2.062020e+01
939 590 2.062020e+01
513 631 8.651280e+01
631 513 8.651280e+01
257 804 9.945710e+01
804 257 9.945710e+01
346 683 8.981380e+01
683 346 8.981380e+01
225 495 4.175400e+01
495 225 4.175400e+01
421 972 3.872260e+01
972 421 3.872260e+01
634 158 8.657250e+01
158 634 8.657250e+01
356 952 7.764500e+00
952 356 7.764500e+00
472 446 6.733390e+01
446 472 6.733390e+01
111 883 4.176030e+01
883 111 4.176030e+01
661 825 5.875420e+01
825 661 5.875420e+01
216 339 3.791740e+01
339 216 3.791740e+01
344 596 4.073300e+01
596 344 4.073300e+01
267 294 3.420130e+01
294 267 3.420130e+01
757 519 4.886000e+00
519 757 4.886000e+00
650 292 1.178320e+01
292 650 1.178320e+01
876 279 2.519900e+01
279 876 2.519900e+01
953 635 9.592950e+01
635 953 9.592950e+01
598 107 9.527410e+01
107 598 9.527410e+01
937 570 9.449760e+01
570 937 9.449760e+01
540 584 2.008010e+01
584 540 2.008010e+01
83 800 1.994920e+01
800 83 1.994920e+01
609 496 6.764400e+01
496 609 6.764400e+01
939 763 5.057350e+01
763 939 5.057350e+01
304 873 2.606000e-01
873 304 2.606000e-01
164 523 5.225100e+00
523 164 5.225100e+00
349 751 4.425300e+01
751 349 4.425300e+01
339 704 9.531650e+01
704 339 9.531650e+01
986 302 5.656250e+01
302 986 5.656250e+01
79 591 2.625470e+01
591 79 2.625470e+01
407 484 7.071310e+01
484 407 7.071310e+01
561 919 6.219310e+01
919 561 6.219310e+01
53 528 3.884270e+01
528 53 3.884270e+01
494 819 5.175430e+01
819 494 5.175430e+01
581 123 4.237680e+01
123 581 4.237680e+01
187 639 5.246430e+01
639 187 5.246430e+01
438 988 2.073940e+01
988 438 2.073940e+01
320 680 8.540980e+01
680 320 8.540980e+01
486 18 5.875200e+00
18 486 5.875200e+00
463 98 4.946950e+01
98 463 4.946950e+01
10 505 6.317900e+00
505 10 6.317900e+00
142 66 8.680980e+01
66 142 8.680980e+01
425 472 8.049780e+01
472 425 8.049780e+01
853 966 7.647970e+01
966 853 7.647970e+01
748 547 1.222720e+01
547 748 1.222720e+01
516 86 4.099120e+01
86 516 4.099120e+01
159 877 2.619000e+01
877 159 2.619000e+01
553 197 9.629320e+01
197 553 9.629320e+01
3 35 9.559510e+01
35 3 9.559510e+01
107 498 7.100490e+01
498 107 7.100490e+01
154 861 2.029060e+01
861 154 2.029060e+01
334 3 6.353250e+01
3 334 6.353250e+01
784 428 2.067970e+01
428 784 2.067970e+01
763 633 1.101150e+01
633 763 1.101150e+01
560 381 8.510140e+01
381 560 8.510140e+01
185 897 4.321000e+01
897 185 4.321000e+01
97 408 9.383290e+01
408 97 9.383290e+01
349 313 2.958790e+01
313 349 2.958790e+01
634 316 4.579140e+01
316 634 4.579140e+01
585 775 2.276500e+00
775 585 2.276500e+00
986 930 7.366260e+01
930 986 7.366260e+01
892 616 3.066290e+01
616 892 3.066290e+01
569 752 3.874090e+01
752 569 3.874090e+01
366 515 3.673950e+01
515 366 3.673950e+01
833 428 2.477760e+01
428 833 2.477760e+01
847 613 4.850260e+01
613 847 4.850260e+01
300 62 6.037860e+01
62 300 6.037860e+01
629 763 2.951000e+01
763 629 2.951000e+01
508 397 9.294160e+01
397 508 9.294160e+01
775 982 1.145440e+01
982 775 1.145440e+01
540 320 8.288260e+01
320 540 8.288260e+01
518 565 6.517940e+01
565 518 6.517940e+01
499 134 4.515460e+01
134 499 4.515460e+01
908 853 3.306200e+00
853 908 3.306200e+00
303 686 1.938420e+01
686 303 1.938420e+01
432 534 5.398070e+01
534 432 5.398070e+01
810 834 4.808690e+01
834 810 4.808690e+01
596 815 8.279840e+01
815 596 8.279840e+01
696 324 5.113820e+01
324 696 5.113820e+01
465 451 5.197160e+01
451 465 5.197160e+01
361 343 5.630370e+01
343 361 5.630370e+01
187 861 3.606020e+01
861 187 3.606020e+01
981 360 6.408800e+00
360 981 6.408800e+00
879 620 3.639410e+01
620 879 3.639410e+01
293 924 8.866280e+01
924 293 8.866280e+01
135 708 4.831620e+01
708 135 4.831620e+01
942 870 1.019960e+01
870 942 1.019960e+01
163 466 1.978110e+01
466 163 1.978110e+01
500 515 6.648700e+00
515 500 6.648700e+00
234 332 6.822900e+01
332 234 6.822900e+01
950 693 5.516330e+01
693 950 5.516330e+01
339 880 9.274940e+01
880 339 9.274940e+01
293 213 6.328540e+01
213 293 6.328540e+01
382 444 5.714750e+01
444 382 5.714750e+01
323 738 1.107510e+01
738 323 1.107510e+01
951 873 1.481100e+00
873 951 1.481100e+00
465 168 7.686810e+01
168 465 7.686810e+01
813 683 4.924990e+01
683 813 4.924990e+01
977 535 9.650140e+01
535 977 9.650140e+01
464 769 1.483460e+01
769 464 1.483460e+01
107 72 6.733910e+01
72 107 6.733910e+01
740 411 8.526230e+01
411 740 8.526230e+01
587 57 3.378360e+01
57 587 3.378360e+01
793 439 6.132810e+01
439 793 6.132810e+01
620 114 2.283710e+01
114 620 2.283710e+01
371 418 8.605960e+01
418 371 8.605960e+01
534 883 4.976400e+00
883 534 4.976400e+00
567 697 8.258000e+01
697 567 8.258000e+01
67 674 5.003350e+01
674 67 5.003350e+01
433 490 6.174570e+01
490 433 6.174570e+01
132 949 1.805290e+01
949 132 1.805290e+01
523 690 7.852920e+01
690 523 7.852920e+01
147 629 7.923490e+01
629 147 7.923490e+01
335 422 7.821400e+01
422 335 7.821400e+01
968 43 6.022550e+01
43 968 6.022550e+01
339 766 1.720250e+01
766 339 1.720250e+01
936 653 4.582600e+01
653 936 4.582600e+01
52 220 5.629570e+01
220 52 5.629570e+01
204 287 2.329830e+01
287 204 2.329830e+01
540 721 5.348260e+01
721 540 5.348260e+01
997 205 6.671270e+01
205 997 6.671270e+01
878 728 6.651690e+01
728 878 6.651690e+01
170 227 9.727980e+01
227 170 9.727980e+01
520 563 7.392210e+01
563 520 7.392210e+01
660 883 5.686160e+01
883 660 5.686160e+01
267 223 5.538200e+00
223 267 5.538200e+00
292 511 2.470350e+01
511 292 2.470350e+01
553 563 4.286080e+01
563 553 4.286080e+01
862 768 5.989500e+00
768 862 5.989500e+00
198 660 6.549680e+01
660 198 6.549680e+01
376 9 3.621730e+01
9 376 3.621730e+01
503 887 3.712540e+01
887 503 3.712540e+01
673 57 1.848100e+00
57 673 1.848100e+00
823 929 6.743960e+01
929 823 6.743960e+01
44 942 9.522800e+01
942 44 9.522800e+01
12 209 5.968550e+01
209 12 5.968550e+01
747 854 9.523660e+01
854 747 9.523660e+01
134 759 1.012810e+01
759 134 1.012810e+01
742 973 8.694010e+01
973 742 8.694010e+01
638 171 2.734130e+01
171 638 2.734130e+01
958 899 4.144220e+01
899 958 4.144220e+01
484 755 5.056610e+01
755 484 5.056610e+01
90 780 8.160710e+01
780 90 8.160710e+01
923 603 1.380000e+01
603 923 1.380000e+01
320 0 7.699420e+01
0 320 7.699420e+01
952 12 8.305040e+01
12 952 8.305040e+01
807 759 9.753580e+01
759 807 9.753580e+01
525 894 1.791170e+01
894 525 1.791170e+01
158 636 5.210900e+01
636 158 5.210900e+01
560 626 7.506140e+01
626 560 7.506140e+01
973 937 9.188650e+01
937 973 9.188650e+01
748 421 1.766200e+01
421 748 1.766200e+01
409 863 7.054000e+01
863 409 7.054000e+01
832 786 4.780040e+01
786 832 4.780040e+01
833 458 2.663560e+01
458 833 2.663560e+01
127 410 6.063680e+01
410 127 6.063680e+01
631 569 5.861280e+01
569 631 5.861280e+01
341 446 4.853740e+01
446 341 4.853740e+01
458 605 7.000100e+01
605 458 7.000100e+01
901 165 8.389890e+01
165 901 8.389890e+01
867 490 4.092600e+00
490 867 4.092600e+00
732 238 7.006990e+01
238 732 7.006990e+01
705 0 1.895620e+01
0 705 1.895620e+01
457 832 4.234800e+00
832 457 4.234800e+00
461 17 4.498070e+01
17 461 4.498070e+01
169 497 8.805690e+01
497 169 8.805690e+01
538 128 4.151390e+01
128 538 4.151390e+01
18 470 3.858500e+00
470 18 3.858500e+00
392 280 3.685420e+01
280 392 3.685420e+01
754 533 2.417070e+01
533 754 2.417070e+01
743 400 4.805500e+01
400 743 4.805500e+01
21 485 4.667880e+01
485 21 4.667880e+01
720 190 2.551400e+01
190 720 2.551400e+01
634 647 1.453250e+01
647 634 1.453250e+01
983 461 7.916940e+01
461 983 7.916940e+01
142 630 9.641910e+01
630 142 9.641910e+01
63 520 4.933200e+01
520 63 4.933200e+01
554 538 3.871420e+01
538 554 3.871420e+01
492 930 3.084220e+01
930 492 3.084220e+01
34 685 3.273080e+01
685 34 3.273080e+01
94 780 1.617080e+01
780 94 1.617080e+01
644 802 2.795450e+01
802 644 2.795450e+01
784 522 3.410870e+01
522 784 3.410870e+01
925 157 5.173500e+00
157 925 5.173500e+00
602 492 4.385480e+01
492 602 4.385480e+01
296 986 2.515300e+01
986 296 2.515300e+01
840 49 9.705100e+00
49 840 9.705100e+00
512 956 7.758900e+00
956 512 7.758900e+00
654 448 1.948720e+01
448 654 1.948720e+01
428 482 6.325570e+01
482 428 6.325570e+01
88 576 2.623370e+01
576 88 2.623370e+01
797 220 1.251390e+01
220 797 1.251390e+01
694 5 4.380140e+01
5 694 4.380140e+01
782 282 3.905230e+01
282 782 3.905230e+01
869 236 2.501500e+00
236 869 2.501500e+00
417 884 3.403530e+01
884 417 3.403530e+01
299 724 7.007540e+01
724 299 7.007540e+01
350 236 3.771000e+00
236 350 3.771000e+00
292 242 9.061580e+01
242 292 9.061580e+01
164 23 6.746410e+01
23 164 6.746410e+01
721 111 6.175690e+01
111 721 6.175690e+01
410 260 1.827900e+01
260 410 1.827900e+01
902 955 3.861470e+01
955 902 3.861470e+01
916 89 4.827810e+01
89 916 4.827810e+01
439 958 6.180170e+01
958 439 6.180170e+01
806 375 9.990100e+00
375 806 9.990100e+00
511 674 4.089780e+01
674 511 4.089780e+01
265 377 3.856600e+00
377 265 3.856600e+00
976 669 8.921610e+01
669 976 8.921610e+01
134 833 7.945360e+01
833 134 7.945360e+01
127 906 7.299900e+00
906 127 7.299900e+00
697 316 8.892600e+01
316 697 8.892600e+01
839 570 5.555670e+01
570 839 5.555670e+01
986 486 4.130080e+01
486 986 4.130080e+01
767 277 9.969660e+01
277 767 9.969660e+01
136 435 7.786930e+01
435 136 7.786930e+01
37 946 9.719000e-01
946 37 9.719000e-01
367 212 7.870960e+01
212 367 7.870960e+01
934 540 2.211170e+01
540 934 2.211170e+01
95 674 4.739500e+01
674 95 4.739500e+01
631 802 7.272080e+01
802 631 7.272080e+01
630 851 2.105250e+01
851 630 2.105250e+01
242 690 1.144470e+01
690 242 1.144470e+01
161 676 3.279340e+01
676 161 3.279340e+01
169 795 7.905630e+01
795 169 7.905630e+01
135 931 5.273510e+01
931 135 5.273510e+01
180 320 3.622970e+01
320 180 3.622970e+01
900 688 2.886100e+00
688 900 2.886100e+00
996 974 4.840100e+00
974 996 4.840100e+00
114 69 8.434280e+01
69 114 8.434280e+01
416 52 8.858200e+00
52 416 8.858200e+00
625 682 4.014330e+01
682 625 4.014330e+01
502 277 4.811230e+01
277 502 4.811230e+01
949 790 2.301510e+01
790 949 2.301510e+01
235 960 6.149460e+01
960 235 6.149460e+01
799 447 2.862290e+01
447 799 2.862290e+01
502 628 8.275490e+01
628 502 8.275490e+01
799 528 6.805890e+01
528 799 6.805890e+01
13 876 3.675630e+01
876 13 3.675630e+01
766 990 2.969840e+01
990 766 2.969840e+01
194 759 7.470360e+01
759 194 7.470360e+01
776 384 3.070710e+01
384 776 3.070710e+01
209 238 3.827000e+01
238 209 3.827000e+01
684 539 5.294900e+01
539 684 5.294900e+01
835 775 1.604500e+01
775 835 1.604500e+01
781 926 3.052500e+01
926 781 3.052500e+01
362 428 7.098780e+01
428 362 7.098780e+01
264 579 4.167580e+01
579 264 4.167580e+01
853 944 6.966340e+01
944 853 6.966340e+01
769 711 2.869770e+01
711 769 2.869770e+01
105 257 6.617360e+01
257 105 6.617360e+01
142 34 6.447200e+00
34 142 6.447200e+00
565 595 7.057100e+01
595 565 7.057100e+01
265 632 2.162490e+01
632 265 2.162490e+01
107 467 4.403760e+01
467 107 4.403760e+01
558 601 6.523020e+01
601 558 6.523020e+01
160 963 4.120820e+01
963 160 4.120820e+01
38 227 8.201400e+00
227 38 8.201400e+00
796 433 6.909580e+01
433 796 6.909580e+01
430 554 8.036690e+01
554 430 8.036690e+01
407 659 7.799270e+01
659 407 7.799270e+01
495 801 7.083130e+01
801 495 7.083130e+01
967 718 9.902600e+01
718 967 9.902600e+01
29 335 1.068920e+01
335 29 1.068920e+01
631 443 8.047120e+01
443 631 8.047120e+01
7 353 1.823130e+01
353 7 1.823130e+01
662 513 5.586280e+01
513 662 5.586280e+01
96 551 2.448560e+01
551 96 2.448560e+01
110 699 4.706410e+01
699 110 4.706410e+01
69 481 8.719500e+00
481 69 8.719500e+00
90 889 9.078540e+01
889 90 9.078540e+01
369 736 1.960080e+01
736 369 1.960080e+01
682 704 2.587260e+01
704 682 2.587260e+01
295 733 5.114140e+01
733 295 5.114140e+01
187 364 4.508570e+01
364 187 4.508570e+01
251 724 2.702100e+01
724 251 2.702100e+01
564 738 2.747230e+01
738 564 2.747230e+01
193 834 6.906260e+01
834 193 6.906260e+01
401 945 4.183250e+01
945 401 4.183250e+01
394 366 6.708060e+01
366 394 6.708060e+01
589 456 7.350470e+01
456 589 7.350470e+01
795 826 2.727840e+01
826 795 2.727840e+01
803 860 8.648400e+01
860 803 8.648400e+01
882 155 7.005730e+01
155 882 7.005730e+01
648 695 5.452900e+01
695 648 5.452900e+01
505 946 8.393660e+01
946 505 8.393660e+01
67 863 2.351040e+01
863 67 2.351040e+01
790 408 1.772900e+01
408 790 1.772900e+01
768 161 7.152350e+01
161 768 7.152350e+01
93 555 5.726010e+01
555 93 5.726010e+01
251 144 6.941000e+00
144 251 6.941000e+00
651 291 9.855880e+01
291 651 9.855880e+01
435 447 2.944800e+00
447 435 2.944800e+00
275 681 2.239560e+01
681 275 2.239560e+01
200 329 1.596510e+01
329 200 1.596510e+01
842 834 6.739490e+01
834 842 6.739490e+01
560 901 9.491640e+01
901 560 9.491640e+01
664 43 2.757200e+00
43 664 2.757200e+00
955 811 1.867330e+01
811 955 1.867330e+01
542 256 4.136400e+01
256 542 4.136400e+01
496 859 2.791360e+01
859 496 2.791360e+01
258 510 2.074280e+01
510 258 2.074280e+01
846 297 9.108750e+01
297 846 9.108750e+01
294 924 1.645560e+01
924 294 1.645560e+01
250 125 4.798850e+01
125 250 4.798850e+01
253 319 8.240710e+01
319 253 8.240710e+01
555 880 4.673240e+01
880 555 4.673240e+01
719 896 6.843670e+01
896 719 6.843670e+01
644 203 1.985300e+01
203 644 1.985300e+01
729 746 9.117860e+01
746 729 9.117860e+01
370 594 5.276450e+01
594 370 5.276450e+01
858 852 2.975080e+01
852 858 2.975080e+01
286 698 9.778050e+01
698 286 9.778050e+01
513 344 9.497300e+01
344 513 9.497300e+01
421 947 4.302070e+01
947 421 4.302070e+01
658 200 4.808780e+01
200 658 4.808780e+01
729 107 4.247580e+01
107 729 4.247580e+01
53 179 4.600700e+00
179 53 4.600700e+00
772 175 4.892100e+01
175 772 4.892100e+01
302 904 5.023080e+01
904 302 5.023080e+01
440 626 6.579020e+01
626 440 6.579020e+01
86 485 5.810600e+00
485 86 5.810600e+00
946 123 6.558040e+01
123 946 6.558040e+01
751 637 2.950100e+00
637 751 2.950100e+00
833 410 3.704480e+01
410 833 3.704480e+01
392 69 8.710000e+01
69 392 8.710000e+01
271 150 2.051080e+01
150 271 2.051080e+01
381 556 8.382870e+01
556 381 8.382870e+01
388 328 3.144620e+01
328 388 3.144620e+01
951 983 3.367180e+01
983 951 3.367180e+01
259 423 8.023450e+01
423 259 8.023450e+01
514 861 2.318200e+00
861 514 2.318200e+00
972 807 2.066570e+01
807 972 2.066570e+01
129 911 7.472940e+01
911 129 7.472940e+01
630 744 8.750570e+01
744 630 8.750570e+01
78 137 3.712600e+00
137 78 3.712600e+00
78 760 6.066280e+01
760 78 6.066280e+01
186 141 1.818400e+00
141 186 1.818400e+00
825 882 9.888650e+01
882 825 9.888650e+01
639 833 2.008480e+01
833 639 2.008480e+01
358 444 5.986230e+01
444 358 5.986230e+01
55 310 1.934850e+01
310 55 1.934850e+01
589 283 3.156440e+01
283 589 3.156440e+01
246 412 4.265550e+01
412 246 4.265550e+01
893 42 9.923000e+01
42 893 9.923000e+01
950 120 4.757890e+01
120 950 4.757890e+01
428 550 8.415490e+01
550 428 8.415490e+01
56 737 5.470420e+01
737 56 5.470420e+01
241 914 1.219240e+01
914 241 1.219240e+01
458 554 8.810900e+00
554 458 8.810900e+00
658 264 4.315540e+01
264 658 4.315540e+01
281 319 3.592160e+01
319 281 3.592160e+01
118 260 8.964990e+01
260 118 8.964990e+01
763 506 2.482630e+01
506 763 2.482630e+01
318 399 4.113050e+01
399 318 4.113050e+01
970 701 7.887770e+01
701 970 7.887770e+01
111 129 7.353280e+01
129 111 7.353280e+01
12 186 9.724170e+01
186 12 9.724170e+01
55 779 8.546830e+01
779 55 8.546830e+01
979 589 1.802370e+01
589 979 1.802370e+01
89 247 8.348530e+01
247 89 8.348530e+01
995 880 1.045240e+01
880 995 1.045240e+01
211 999 5.287840e+01
999 211 5.287840e+01
711 114 8.306430e+01
114 711 8.306430e+01
326 784 2.410420e+01
784 326 2.410420e+01
632 107 1.840960e+01
107 632 1.840960e+01
761 218 6.642250e+01
218 761 6.642250e+01
441 231 3.207630e+01
231 441 3.207630e+01
210 286 1.718940e+01
286 210 1.718940e+01
894 617 7.228350e+01
617 894 7.228350e+01
483 58 6.580820e+01
58 483 6.580820e+01
337 53 1.253150e+01
53 337 1.253150e+01
213 617 2.853140e+01
617 213 2.853140e+01
998 680 2.780000e-01
680 998 2.780000e-01
641 6 6.715640e+01
6 641 6.715640e+01
35 638 8.330230e+01
638 35 8.330230e+01
131 752 9.302420e+01
752 131 9.302420e+01
709 545 3.538250e+01
545 709 3.538250e+01
824 756 1.344630e+01
756 824 1.344630e+01
71 2 3.940800e+01
2 71 3.940800e+01
906 485 2.534910e+01
485 906 2.534910e+01
989 174 1.115440e+01
174 989 1.115440e+01
656 388 3.601610e+01
388 656 3.601610e+01
970 738 8.958410e+01
738 970 8.958410e+01
102 379 9.668480e+01
379 102 9.668480e+01
18 766 5.008380e+01
766 18 5.008380e+01
42 250 8.029420e+01
250 42 8.029420e+01
284 959 6.084880e+01
959 284 6.084880e+01
461 135 9.225960e+01
135 461 9.225960e+01
924 206 8.359800e+00
206 924 8.359800e+00
356 113 3.044350e+01
113 356 3.044350e+01
847 454 4.199620e+01
454 847 4.199620e+01
744 110 5.347020e+01
110 744 5.347020e+01
257 432 1.774400e+01
432 257 1.774400e+01
451 886 6.951710e+01
886 451 6.951710e+01
299 904 8.452890e+01
904 299 8.452890e+01
489 946 2.955390e+01
946 489 2.955390e+01
784 582 7.428500e+01
582 784 7.428500e+01
272 43 5.079860e+01
43 272 5.079860e+01
868 319 2.791920e+01
319 868 2.791920e+01
818 676 2.956570e+01
676 818 2.956570e+01
253 875 2.154630e+01
875 253 2.154630e+01
215 619 1.639250e+01
619 215 1.639250e+01
269 877 9.427090e+01
877 269 9.427090e+01
709 680 5.545950e+01
680 709 5.545950e+01
232 331 1.875000e+01
331 232 1.875000e+01
522 820 6.744460e+01
820 522 6.744460e+01
413 956 4.620290e+01
956 413 4.620290e+01
264 228 4.204240e+01
228 264 4.204240e+01
250 448 1.677440e+01
448 250 1.677440e+01
794 618 1.307720e+01
618 794 1.307720e+01
804 872 4.664700e+00
872 804 4.664700e+00
267 439 5.961900e+00
439 267 5.961900e+00
193 709 5.298480e+01
709 193 5.298480e+01
254 770 8.695280e+01
770 254 8.695280e+01
850 355 5.618590e+01
355 850 5.618590e+01
350 229 6.240310e+01
229 350 6.240310e+01
148 642 8.589880e+01
642 148 8.589880e+01
177 906 3.915680e+01
906 177 3.915680e+01
954 508 1.443690e+01
508 954 1.443690e+01
698 303 2.009870e+01
303 698 2.009870e+01
470 107 3.822110e+01
107 470 3.822110e+01
469 726 1.080030e+01
726 469 1.080030e+01
440 271 9.130640e+01
271 440 9.130640e+01
288 526 4.911860e+01
526 288 4.911860e+01
816 376 5.375410e+01
376 816 5.375410e+01
27 78 9.301220e+01
78 27 9.301220e+01
59 226 9.317650e+01
226 59 9.317650e+01
399 404 3.180230e+01
404 399 3.180230e+01
967 358 8.053200e+00
358 967 8.053200e+00
688 408 5.311870e+01
408 688 5.311870e+01
676 230 4.492940e+01
230 676 4.492940e+01
239 51 5.993720e+01
51 239 5.993720e+01
242 492 1.126440e+01
492 242 1.126440e+01
306 780 9.645220e+01
780 306 9.645220e+01
493 949 6.768980e+01
949 493 6.768980e+01
386 328 4.699760e+01
328 386 4.699760e+01
509 387 1.820200e+00
387 509 1.820200e+00
626 138 2.999580e+01
138 626 2.999580e+01
649 458 7.356680e+01
458 649 7.356680e+01
181 146 9.428000e-01
146 181 9.428000e-01
720 174 7.356580e+01
174 720 7.356580e+01
14 414 5.100620e+01
414 14 5.100620e+01
739 656 3.595540e+01
656 739 3.595540e+01
735 315 3.303340e+01
315 735 3.303340e+01
257 160 3.246350e+01
160 257 3.246350e+01
507 546 3.879640e+01
546 507 3.879640e+01
483 55 6.607030e+01
55 483 6.607030e+01
37 33 1.842000e-01
33 37 1.842000e-01
348 683 3.193000e+01
683 348 3.193000e+01
368 216 7.574460e+01
216 368 7.574460e+01
149 937 3.362100e+00
937 149 3.362100e+00
159 303 4.638700e+00
303 159 4.638700e+00
221 42 8.710430e+01
42 221 8.710430e+01
775 777 9.697100e+01
777 775 9.697100e+01
462 386 8.008700e+01
386 462 8.008700e+01
97 893 4.184170e+01
893 97 4.184170e+01
61 728 2.688240e+01
728 61 2.688240e+01
117 766 2.838580e+01
766 117 2.838580e+01
959 466 2.978930e+01
466 959 2.978930e+01
259 186 8.751090e+01
186 259 8.751090e+01
57 335 6.304600e+00
335 57 6.304600e+00
30 495 3.437020e+01
495 30 3.437020e+01
417 716 8.000960e+01
716 417 8.000960e+01
813 492 5.448740e+01
492 813 5.448740e+01
523 306 5.752600e+01
306 523 5.752600e+01
394 403 8.450600e+00
403 394 8.450600e+00
163 817 2.623400e+00
817 163 2.623400e+00
339 934 4.513520e+01
934 339 4.513520e+01
549 893 6.598180e+01
893 549 6.598180e+01
442 504 4.200050e+01
504 442 4.200050e+01
904 913 2.576920e+01
913 904 2.576920e+01
302 944 3.921870e+01
944 302 3.921870e+01
4 361 3.662560e+01
361 4 3.662560e+01
101 526 5.067480e+01
526 101 5.067480e+01
327 50 6.930540e+01
50 327 6.930540e+01
939 796 2.498090e+01
796 939 2.498090e+01
445 311 4.862600e+00
311 445 4.862600e+00
680 2 7.829120e+01
2 680 7.829120e+01
32 552 9.381570e+01
552 32 9.381570e+01
203 346 8.336610e+01
346 203 8.336610e+01
560 250 7.759270e+01
250 560 7.759270e+01
252 553 7.658710e+01
553 252 7.658710e+01
440 557 8.825840e+01
557 440 8.825840e+01
48 10 9.971110e+01
10 48 9.971110e+01
148 337 5.955130e+01
337 148 5.955130e+01
554 277 4.786610e+01
277 554 4.786610e+01
363 74 5.813240e+01
74 363 5.813240e+01
342 754 1.723260e+01
754 342 1.723260e+01
254 139 5.187800e+00
139 254 5.187800e+00
764 342 3.422500e+00
342 764 3.422500e+00
777 902 5.108270e+01
902 777 5.108270e+01
704 154 2.838000e+00
154 704 2.838000e+00
575 946 9.632900e+01
946 575 9.632900e+01
160 994 5.993000e+01
994 160 5.993000e+01
623 142 5.139900e+01
142 623 5.139900e+01
488 696 2.826190e+01
696 488 2.826190e+01
149 412 9.896930e+01
412 149 9.896930e+01
825 754 6.614480e+01
754 825 6.614480e+01
151 360 2.655870e+01
360 151 2.655870e+01
382 124 4.619290e+01
124 382 4.619290e+01
959 902 7.031830e+01
902 959 7.031830e+01
786 606 2.143370e+01
606 786 2.143370e+01
167 534 9.366360e+01
534 167 9.366360e+01
809 46 2.036300e+01
46 809 2.036300e+01
